0 19 0.124
0 18 0.15
0 17 0.187
0 16 0.179
0 15 0.513
0 14 0.275
0 13 0.223
0 0 1
0 1 0.749
0 2 0.831
0 3 0.576
0 4 0.515
0 5 0.286
0 6 0.278
0 7 0.312
0 8 0.486
0 9 0.391
0 10 0.32
0 11 0.214
0 12 0.267
1 19 0.12
1 18 0.149
1 17 0.185
1 16 0.167
1 15 0.497
1 14 0.2
1 13 0.224
1 0 0.749
1 1 1
1 2 0.729
1 3 0.465
1 4 0.411
1 5 0.338
1 6 0.324
1 7 0.317
1 8 0.532
1 9 0.411
1 10 0.257
1 11 0.212
1 12 0.266
2 19 0.114
2 18 0.149
2 17 0.196
2 16 0.176
2 15 0.528
2 14 0.198
2 13 0.329
2 0 0.831
2 1 0.729
2 2 1
2 3 0.546
2 4 0.449
2 5 0.294
2 6 0.283
2 7 0.282
2 8 0.499
2 9 0.336
2 10 0.302
2 11 0.211
2 12 0.463
3 19 0.111
3 18 0.152
3 17 0.251
3 16 0.198
3 15 0.765
3 14 0.254
3 13 0.271
3 0 0.576
3 1 0.465
3 2 0.546
3 3 1
3 4 0.411
3 5 0.342
3 6 0.348
3 7 0.312
3 8 0.497
3 9 0.54
3 10 0.288
3 11 0.204
3 12 0.363
4 19 0.119
4 18 0.128
4 17 0.223
4 16 0.205
4 15 0.391
4 14 0.198
4 13 0.231
4 0 0.515
4 1 0.411
4 2 0.449
4 3 0.411
4 4 1
4 5 0.363
4 6 0.383
4 7 0.399
4 8 0.35
4 9 0.33
4 10 0.355
4 11 0.23
4 12 0.295
