10 19 0.16
10 18 0.147
10 17 0.367
10 16 0.437
10 15 0.251
10 14 0.0936
10 13 0.197
10 0 0.32
10 1 0.257
10 2 0.302
10 3 0.288
10 4 0.355
10 5 0.272
10 6 0.256
10 7 0.259
10 8 0.312
10 9 0.259
10 10 1
10 11 0.476
10 12 0.342
11 19 0.377
11 18 0.308
11 17 0.271
11 16 0.411
11 15 0.244
11 14 0.116
11 13 0.149
11 0 0.214
11 1 0.212
11 2 0.211
11 3 0.204
11 4 0.23
11 5 0.433
11 6 0.32
11 7 0.312
11 8 0.371
11 9 0.331
11 10 0.476
11 11 1
11 12 0.228
12 19 0.159
12 18 0.138
12 17 0.225
12 16 0.24
12 15 0.321
12 14 0.122
12 13 0.478
12 0 0.267
12 1 0.266
12 2 0.463
12 3 0.363
12 4 0.295
12 5 0.348
12 6 0.287
12 7 0.264
12 8 0.332
12 9 0.281
12 10 0.342
12 11 0.228
12 12 1
13 19 0.533
13 18 0.59
13 17 0.0937
13 16 0.157
13 15 0.307
13 14 0.0444
13 13 1
13 0 0.223
13 1 0.224
13 2 0.329
13 3 0.271
13 4 0.231
13 5 0.233
13 6 0.188
13 7 0.163
13 8 0.204
13 9 0.257
13 10 0.197
13 11 0.149
13 12 0.478
14 19 0.0286
14 18 0.0286
14 17 0.0777
14 16 0.0769
14 15 0.253
14 14 1
14 13 0.0444
14 0 0.275
14 1 0.2
14 2 0.198
14 3 0.254
14 4 0.198
14 5 0.188
14 6 0.333
14 7 0.201
14 8 0.25
14 9 0.312
14 10 0.0936
14 11 0.116
14 12 0.122
