15 19 0.123
15 18 0.179
15 17 0.202
15 16 0.204
15 15 1
15 14 0.253
15 13 0.307
15 0 0.513
15 1 0.497
15 2 0.528
15 3 0.765
15 4 0.391
15 5 0.396
15 6 0.398
15 7 0.37
15 8 0.597
15 9 0.564
15 10 0.251
15 11 0.244
15 12 0.321
16 19 0.129
16 18 0.167
16 17 0.365
16 16 1
16 15 0.204
16 14 0.0769
16 13 0.157
16 0 0.179
16 1 0.167
16 2 0.176
16 3 0.198
16 4 0.205
16 5 0.261
16 6 0.188
16 7 0.21
16 8 0.164
16 9 0.231
16 10 0.437
16 11 0.411
16 12 0.24
17 19 0.097
17 18 0.107
17 17 1
17 16 0.365
17 15 0.202
17 14 0.0777
17 13 0.0937
17 0 0.187
17 1 0.185
17 2 0.196
17 3 0.251
17 4 0.223
17 5 0.268
17 6 0.365
17 7 0.416
17 8 0.228
17 9 0.25
17 10 0.367
17 11 0.271
17 12 0.225
18 19 0.76
18 18 1
18 17 0.107
18 16 0.167
18 15 0.179
18 14 0.0286
18 13 0.59
18 0 0.15
18 1 0.149
18 2 0.149
18 3 0.152
18 4 0.128
18 5 0.325
18 6 0.311
18 7 0.308
18 8 0.107
18 9 0.16
18 10 0.147
18 11 0.308
18 12 0.138
19 19 1
19 18 0.76
19 17 0.097
19 16 0.129
19 15 0.123
19 14 0.0286
19 13 0.533
19 0 0.124
19 1 0.12
19 2 0.114
19 3 0.111
19 4 0.119
19 5 0.219
19 6 0.311
19 7 0.209
19 8 0.212
19 9 0.113
19 10 0.16
19 11 0.377
19 12 0.159
