5 19 0.219
5 18 0.325
5 17 0.268
5 16 0.261
5 15 0.396
5 14 0.188
5 13 0.233
5 0 0.286
5 1 0.338
5 2 0.294
5 3 0.342
5 4 0.363
5 5 1
5 6 0.658
5 7 0.649
5 8 0.334
5 9 0.396
5 10 0.272
5 11 0.433
5 12 0.348
6 19 0.311
6 18 0.311
6 17 0.365
6 16 0.188
6 15 0.398
6 14 0.333
6 13 0.188
6 0 0.278
6 1 0.324
6 2 0.283
6 3 0.348
6 4 0.383
6 5 0.658
6 6 1
6 7 0.626
6 8 0.402
6 9 0.471
6 10 0.256
6 11 0.32
6 12 0.287
7 19 0.209
7 18 0.308
7 17 0.416
7 16 0.21
7 15 0.37
7 14 0.201
7 13 0.163
7 0 0.312
7 1 0.317
7 2 0.282
7 3 0.312
7 4 0.399
7 5 0.649
7 6 0.626
7 7 1
7 8 0.336
7 9 0.402
7 10 0.259
7 11 0.312
7 12 0.264
8 19 0.212
8 18 0.107
8 17 0.228
8 16 0.164
8 15 0.597
8 14 0.25
8 13 0.204
8 0 0.486
8 1 0.532
8 2 0.499
8 3 0.497
8 4 0.35
8 5 0.334
8 6 0.402
8 7 0.336
8 8 1
8 9 0.529
8 10 0.312
8 11 0.371
8 12 0.332
9 19 0.113
9 18 0.16
9 17 0.25
9 16 0.231
9 15 0.564
9 14 0.312
9 13 0.257
9 0 0.391
9 1 0.411
9 2 0.336
9 3 0.54
9 4 0.33
9 5 0.396
9 6 0.471
9 7 0.402
9 8 0.529
9 9 1
9 10 0.259
9 11 0.331
9 12 0.281
